4054
1201
5884
9419
6120
9158
5414
2927
17
4584
4216
12369
5283
8882
2600
5375
1251
4339
11553
5589
1893
4872
39
1421
9391
330
5375
2233
486
398
2021
16831
9890
1020
3405
10190
4920
4844
10070
546
6230
1571
2217
20548
2954
8096
4518
5652
1793
6612
734
2318
25068
3338
7180
14954
7023
2522
6065
227
1014
1393
313
477
1001
994
5874
5104
2912
673
496
10282
2999
4742
476
1147
9798
4720
2854
437
5640
3866
274
12495
7333
12346
32522
175
5630
3597
5562
1905
3662
4942
5363
13770
617
3290
5549
4773
3108
15483
5462
6673
5526
16292
682
5183
1351
6296
2374
9249
4767
2150
7471
3989
12916
13081
1821
21
11217
4995
7367
19143
9638
1805
674
13365
280
6566
10067
1850
3970
8
3386
6052
915
5100
6808
4710
1032
2939
606
10974
1630
5341
920
6128
2928
1353
12316
636
2583
5953
2576
3431
10708
22514
5813
8728
26092
84
2665
9317
5938
4483
4313
2973
12077
5018
1001
2467
8303
1966
2371
2022
2247
441
52
4770
4011
876
6104
15923
10473
1533
1406
2944
1025
7971
6713
7317
6137
1756
8775
130
3102
3830
2563
4226
9273
2851
6034
5489
1446
516
5096
8915
5269
2368
4443
6890
23871
6578
881
7252
404
5634
1898
1343
1340
7403
980
870
5933
292
1919
3107
1045
919
5375
6341
818
9183
10124
8259
15433
1925
1422
1856
5819
7339
3376
1174
4263
2557
4845
6867
27104
8723
286
8097
1062
161
6159
1160
815
4354
1308
3483
7732
1978
6258
857
581
2347
144
6217
3572
1848
1511
26125
7641
3635
2852
3154
4139
647
1857
912
2055
1865
5968
1841
1548
456
8015
1114
2121
2939
8319
3393
7399
2669
340
3577
2001
2206
4780
6267
15140
209
22738
1019
1601
8102
8206
2186
6447
2749
1976
2828
4276
3518
127
1946
3685
7736
2141
1309
4804
3876
757
5076
5435
4026
3311
2002
2047
3646
898
13367
563
4539
4864
11510
1555
11316
523
1398
282
2142
7172
2355
3213
3234
3494
2751
437
12075
6318
347
2183
744
8632
3042
3878
5138
3426
419
3201
19045
6758
3296
1338
650
13721
2290
7637
5452
558
88
4373
3878
1908
9822
7432
225
1019
845
14438
2749
2208
1675
3675
10525
7546
662
17037
8381
14087
749
1329
219
9729
1196
2538
16502
1029
11456
4168
5114
7400
1093
803
2266
3911
2885
283
323
12817
3139
3626
10206
2458
2926
1005
2616
2166
368
3892
9137
3628
1406
312
4796
9029
4288
2362
7294
4740
375
1572
10181
167
2292
512
2932
4
961
145
17092
14274
105
2013
3709
3911
8338
22988
12284
4916
935
2079
118
1204
3638
2392
1796
6385
13145
8433
10323
1206
5038
2591
979
1446
594
10591
1755
3577
603
183
8748
2964
3543
12909
896
1662
31989
2574
5751
1921
3576
573
312
8812
876
7688
29
3828
6239
947
1817
3005
891
12576
5830
3623
366
11427
4317
4208
5186
2976
11357
3513
16206
9229
5577
6960
873
5225
10309
4210
3148
10021
4629
5656
5834
3678
3330
172
789
432
1731
290
567
2797
366
687
4578
6130
4755
3984
2561
534
5288
5719
3279
352
321
4491
7064
2189
5418
8207
257
263
15014
14186
12979
2288
10636
5949
1202
6166
8472
2474
22102
1703
7905
2277
1025
2306
5378
4231
4702
3011
9805
107
875
6047
235
4344
2424
5408
11747
6952
13702
5343
1369
4673
252
2043
1656
7248
25446
3647
32075
1746
3073
12553
13
11739
1762
4510
1465
7896
4832
3413
18026
6042
3335
1973
730
1806
1623
5894
4625
1675
58
3661
6194
7076
3275
2030
64
2580
2522
5582
3485
8674
4399
1504
925
15190
4855
982
1436
891
718
484
13441
12697
1576
1407
3199
3397
4229
504
9712
1188
6899
3257
5017
5311
13
4659
6175
6524
2289
15531
1925
5838
2619
5478
975
21147
8745
5071
15122
2646
7225
3817
4292
12304
5063
857
10682
964
2851
13338
2692
1820
7956
2821
4229
5300
1131
435
21742
365
6339
748
1720
6164
854
1115
9558
3009
2244
690
5641
5892
17222
745
6385
16940
1316
14960
3137
1845
6898
4965
3513
5412
1302
7677
613
849
2011
315
1176
4542
8604
2240
14474
4042
612
2999
2634
866
23768
2281
3077
8588
7763
12810
4121
1715
351
1131
5506
5320
7250
18102
3888
4056
1131
5999
1579
5764
5748
2041
1143
1788
110
801
19916
32069
6166
3304
2029
3165
12910
10565
1689
1059
194
3060
5337
11696
3136
4303
6724
1245
9439
3142
148
13097
174
6897
1878
3539
8200
1376
7011
4260
5224
4891
285
5986
1880
1068
10105
2149
9191
368
1090
2611
124
794
684
7933
2320
1111
5424
17910
7079
998
1551
7702
777
4864
544
2794
2602
2790
525
2589
15808
1695
103
2168
6353
4913
3487
5614
4099
10330
11864
6757
3489
7315
5309
1321
1950
936
762
3301
486
1742
1077
4040
10488
1708
1256
6847
3903
2649
3287
3250
4233
3133
97
562
11214
221
20329
8347
5109
561
5390
4142
1005
3653
15040
274
6406
58
9897
5684
658
5626
2584
658
13808
4381
280
5425
4169
3275
8560
2297
1368
5653
17387
2292
487
6592
350
2314
2328
9814
1746
122
15326
10527
8587
2541
2687
787
9285
3444
1445
1156
8191
4090
5317
557
882
56
131
2632
8627
1497
3424
5373
5070
1624
5974
3233
4586
27153
3840
2385
1516
3252
1975
12414
2721
2148
3090
8279
5089
125
739
1650
15805
11006
4550
686
2229
965
9346
2622
5268
16699
505
2369
881
2541
605
9470
11046
11153
2741
470
4288
6394
8402
1023
2323
7514
3312
1888
134
6854
317
15383
854
333
11023
4107
1101
3366
25
1121
11250
6843
1522
823
4186
23260
707
10225
6600
10249
3427
6731
5713
1425
8132
1035
736
8314
3322
2012
6970
457
10865
6396
617
5934
2169
1083
3719
7372
19546
3699
1547
2923
2195
723
1286
20234
2901
1583
596
6272
7303
1059
2025
13024
922
11
6074
2797
5044
8776
356
2366
2941
3541
6420
3643
10217
420
1958
5957
11123
3904
1796
5546
1199
2563
6067
8508
7620
4817
989
43217
1176
2355
9219
1838
1787
2826
3275
2000
1495
7284
24083
2045
2267
4290
6489
2904
110
2807
9062
226
3025
10921
6169
5501
1513
170
2790
2125
9451
9710
2732
138
11
1453
10784
11149
1858
8486
2877
9384
3765
5369
4731
672
6645
11440
6832
5154
6166
2083
3721
148
1221
1074
1454
4331
9545
8053
3393
2026
2915
6540
396
1317
10749
9539
15637
13602
2261
2921
2361
1856
3288
1211
17783
816
2349
6570
410
4641
2077
18583
3434
275
1282
11815
7439
6492
424
2643
4282
2139
3183
5136
5408
23207
19357
6396
6203
6082
3080
556
4667
10457
5776
9963
4301
485
567
16844
7977
819
94
1102
5871
832
1352
3098
4193
5719
23426
2335
7858
7076
4962
1821
3158
6496
15718
1008
5841
18406
1261
1287
2904
758
1898
2493
815
1222
98
8261
5132
10359
285
2823
3235
19832
1385
2820
2593
2655
685
1530
14006
5802
8463
4848
1331
11433
684
4765
16763
3610
2690
3788
13633
6430
5582
286
635
1600
11147
784
1085
7665
4783
2818
4876
5528
874
1887
3759
4827
7156
2515
7641
1718
1308
4982
1439
2130
29074
2841
8699
340
2052
632
5107
1809
23906
6366
6997
2101
1067
2806
640
82
9488
1791
6146
9303
2939
5749
6990
6132
5808
1744
9566
5592
1915
6399
476
3627
4585
4149
7462
12405
15361
860
2319
2754
7507
2226
181
2855
331
4433
2062
2742
723
731
9547
9002
1399
1148
3939
191
2170
1162
3653
4153
4083
1271
2575
286
3545
2019
12314
2142
15604
223
9668
2529
2563
2253
3324
8106
6205
1026
216
2569
1193
14734
5589
15237
4001
5907
3961
7741
3207
1090
6367
8238
50
8373
2004
1079
6627
8096
8782
2721
8916
14073
20236
5625
10924
7149
2964
8275
10155
9
10943
14265
3441
135
1190
14201
1295
1527
4168
12970
2401
894
2445
11500
1249
2102
1470
66
8690
6162
5118
1329
4415
7064
209
3197
5362
2567
7971
736
12483
1723
25163
4963
1017
3538
3608
479
8054
9153
4554
924
2228
322
1374
243
776
732
4218
1879
122
728
6491
9469
1295
9195
2810
86
7737
1106
992
7465
1184
2808
2661
12176
51
8267
3071
3855
5212
7436
5807
8712
2951
3086
11157
10508
6284
8676
4346
654
3837
623
1172
584
2840
2785
2518
388
2224
2399
2494
4139
1104
889
6248
12373
4319
4489
8950
1114
5500
2237
12655
4996
4906
5451
16063
3708
1563
2182
15625
11254
5533
1550
658
8852
4486
3859
3725
804
2118
14538
8453
673
458
2013
6915
3588
3101
3786
8217
2228
4076
10080
13807
21408
1026
320
5921
11366
1206
4485
914
19898
1535
36
2849
6542
2310
4620
587
2255
4003
3095
927
2531
1980
1331
1014
2708
1829
1567
1798
7539
5163
2063
1861
4402
1275
2389
1265
15037
9203
5162
7452
9757
4415
1533
4197
2717
6558
12716
4239
14004
13874
564
3105
1119
9910
7535
4568
1688
1241
1982
1802
10313
7059
1605
3928
7546
9865
802
10426
18017
7293
2493
913
4212
2775
797
11784
1434
5151
13854
1768
5246
968
6350
1521
1106
3544
2471
21329
1283
5933
880
2214
1035
2430
1466
7602
2
6980
2068
2618
7262
2471
190
820
82
821
1739
5220
156
1758
1317
2609
1689
8583
9054
9560
2342
1767
481
2855
13090
341
4108
8797
692
2234
5778
3288
5183
2400
1018
5155
1461
1331
198
5953
175
2087
1549
8934
1827
9500
5655
7776
2118
361
13019
8298
792
3474
5148
8134
429
11788
4017
523
4203
6117
1992
2217
10544
3061
6272
7879
7904
633
3006
4646
6812
505
11769
72
2045
5834
2712
5145
4969
10605
5612
2419
1033
1022
3657
9350
204
161
6451
858
2896
2716
3463
3880
235
4543
4129
250
2493
525
1355
9428
4351
4002
10105
1141
979
1906
6970
238
2691
1636
2671
8127
1738
1568
2702
7441
3468
1487
510
9523
3247
591
452
4419
1639
3453
16
8746
3076
4108
7443
1473
10068
3056
1294
7175
344
960
6294
8311
2128
4705
444
1971
4768
7032
713
410
7129
5068
2564
778
11068
551
584
769
9874
5840
3634
1806
8997
9299
9870
254
442
1112
4061
1385
2130
2139
15287
2416
2897
13227
2581
6803
2915
4582
6482
7498
3423
5562
7400
45
9831
14187
13733
2694
1917
7487
6353
21606
6934
1245
5464
602
15207
7293
1101
5108
691
14956
15942
1317
7396
5929
12787
389
2619
665
355
10338
852
1546
5011
66
2701
4539
398
1225
4829
14081
2936
9167
3457
10395
2440
13092
5722
1843
2011
283
8077
761
13388
579
155
5063
6868
83
2550
3214
4457
4832
2
7144
1851
403
4477
7680
1939
2363
3232
1823
241
1375
2128
7354
11739
7819
1704
3918
9997
2140
4893
2604
2488
18729
8097
3626
3043
6869
4649
913
856
6848
5589
1550
15854
2057
10548
483
1241
417
1000
4145
13278
1771
1215
2307
10957
3577
6359
1288
5314
1737
5728
11715
4014
3001
4036
1405
33544
128
14559
18425
471
10649
26037
8399
8788
1653
5910
2144
9273
8942
7367
4599
1971
5013
13377
1463
133
8015
943
3454
974
189
1862
2283
9514
30432
1408
6555
12750
13189
2862
4643
2169
7094
2280
368
9760
457
19431
10084
5705
9647
10528
4972
230
393
1276
277
2822
5626
1366
1797
6461
1889
3146
223
378
843
14766
3076
3152
2249
14159
3098
9985
1921
1469
823
1893
377
987
3744
3874
1022
3015
7099
924
4899
11218
6904
2816
6917
123
11013
8467
9485
1152
7699
3412
763
5087
6533
1880
248
8319
3489
4765
2174
6862
5196
2711
862
10745
7228
5903
1561
7998
3592
3569
9166
3208
9510
9118
1519
6159
4313
1013
8061
2195
7422
3870
5478
15298
1616
951
7388
2485
7194
5514
647
4888
11883
15626
3086
5717
2122
3354
2509
934
4862
13143
14399
5052
6878
24465
261
7805
9750
1740
7749
90
6345
2274
2237
6592
2005
7622
93
83
9815
277
1501
10626
5944
4882
4007
3737
15147
2645
1663
1125
4473
6164
2455
1874
5528
12103
1244
3240
3740
16997
4476
2646
11685
8274
1057
3643
35956
5734
3760
1072
1554
1526
6830
11211
4501
1153
7587
8399
66
5337
19341
8520
2485
172
8255
2153
10743
10475
9259
11124
6077
2912
966
2118
5683
1768
317
6926
337
3636
3348
7317
2143
9092
2517
85
5752
330
1640
6052
4965
4377
4692
804
5889
138
5678
198
8369
1371
13199
7558
651
715
1861
1424
1515
1938
9298
2438
3834
1216
2906
4145
471
3667
1224
5377
1206
4047
274
11276
8515
6843
6972
3281
166
3899
20657
4743
2970
2420
5763
40
6474
13535
4371
2439
6239
94
11960
613
2869
11006
3054
2364
1565
7861
5015
164
28
176
9080
7131
2900
15856
4182
81
8173
4127
8129
995
17368
3028
9864
4343
1115
5448
2718
3896
588
9909
8655
878
11394
980
3704
125
9098
1373
3907
251
493
4333
5691
2397
2170
3750
10254
169
11456
4292
10966
668
1177
22649
721
10968
585
2635
9337
7915
1172
8472
4385
3159
8766
17433
11226
3505
890
5176
1187
5509
6448
1871
337
9199
3009
1085
10262
18414
3410
9254
4170
2211
5023
4130
7596
5459
512
1013
14343
1716
8146
3438
11307
14857
370
3751
1700
593
2664
857
3018
12964
331
1432
1282
1310
14244
13515
2982
1836
2799
3429
4921
24856
8012
473
1894
4452
13278
2310
295
1500
4937
837
1264
29174
1762
1897
9593
6103
186
2314
1434
691
1614
1619
1481
8660
16260
24007
733
1264
1576
2353
106
3385
1416
6386
6654
233
1391
2296
241
7403
1898
1173
4887
19472
6649
2088
3136
3367
5440
5362
5324
83
1732
4154
6623
6023
4499
760
225
3526
7306
4042
339
2102
6231
457
4279
6285
2411
2039
1686
931
4328
127
1648
4862
4066
5889
1661
2148
96
6125
7269
1180
110
1231
3411
3340
1550
7859
3273
16021
163
4750
8047
14603
1363
1851
2945
7280
4773
16153
3707
224
3784
1198
15759
8781
3457
5148
4279
3956
6450
446
16062
1532
5277
452
1457
14181
894
6425
11726
797
3400
3506
165
2175
5117
5180
1864
1427
2174
1810
7618
1195
11589
9343
1568
6354
1042
2152
4710
686
132
1484
10525
7570
1663
12697
111
13962
4420
4277
2154
3573
5182
4563
485
1732
3014
15859
13416
6985
250
1412
11780
4880
2504
11378
198
6840
1827
7727
4735
447
9277
1816
8278
3305
1149
2717
399
16406
666
4448
4435
10021
8183
6597
70
10960
4615
3638
5085
1979
3701
4839
1411
12170
1942
279
4024
604
1834
3748
6992
12128
1787
7092
48
845
13375
13755
3126
1275
12950
4693
2750
1198
4175
9245
1901
7703
4866
623
700
3985
2557
324
6743
626
2621
2835
253
876
1675
519
4285
4686
1548
490
3915
812
936
1850
8782
18059
3647
128
1852
4692
8564
271
17659
7352
888
21731
22788
12313
452
11672
15890
4516
10931
283
2456
2461
91
2801
5255
5658
6267
922
3517
12833
969
3668
529
6013
183
3774
435
6249
1939
218
82
1238
7796
17384
1124
13201
3881
8140
1804
3478
3194
2978
10433
2013
1554
670
3528
14078
654
4210
1705
1884
17648
29956
7158
970
10945
3716
2912
21047
5490
3229
3926
6462
2951
1037
1644
2529
2011
11488
12010
4910
4916
8662
8057
2669
423
3049
365
8814
3174
8104
499
3765
4089
2341
733
23313
1828
2680
1879
6664
2104
8834
122
3550
671
5873
154
4511
29613
3270
1404
2780
203
2260
2882
648
1953
811
10964
12361
1748
5300
3823
4239
1711
2274
13601
1674
723
3054
1230
5116
1037
2822
18879
6051
1036
4945
12675
3694
11879
17195
6884
2526
5584
2220
6494
6400
7489
11583
3302
3082
16652
3129
12636
530
12968
2873
2780
569
1934
7521
2369
692
5691
6447
10571
15505
9458
7581
1118
5012
3662
4377
3183
5000
2579
5636
4503
5671
760
2683
780
2866
5745
290
4379
4148
321
512
9732
322
22611
6126
17128
1552
210
416
978
4201
783
4512
3609
1112
6803
4656
2378
719
5060
2098
2959
11909
807
165
2402
1017
878
48
11039
1050
34
1235
8079
14095
4432
3930
2017
3680
9014
18244
2787
749
180
3877
115
5684
2885
12197
1031
676
705
2559
11803
1800
429
322
566
5414
2757
1900
512
9774
8340
2668
5039
1171
7896
6556
4221
10611
1755
160
6743
541
2376
670
2077
591
99
172
5404
8961
7527
6874
3126
932
5079
3952
7237
9193
1085
2506
12544
102
2647
965
7442
213
3295
4553
3979
641
7147
1452
4738
98
2296
12324
5401
7628
6605
2683
6214
1213
1078
4336
3459
698
1666
17512
2982
639
2857
8914
5519
2872
2970
7075
124
812
5249
294
3007
2529
3065
437
1631
14991
11483
8133
3935
6601
6878
3899
5850
11289
360
9317
986
3534
3551
27404
6022
6295
11394
1390
6819
25489
6930
3155
6831
10042
6835
3137
510
1102
1222
8510
2108
4875
4737
23703
3932
2488
4901
2577
9825
23040
1763
2364
818
2341
16997
13675
118
4808
1963
7057
1312
8253
5267
2470
5772
3414
3603
581
1171
1510
13
14590
5245
3213
12105
543
10025
3416
6071
4751
65
2599
281
3348
7648
1163
460
8510
1733
7807
556
16911
2882
12815
3166
5959
660
222
4819
3070
3643
112
1589
10967
2014
1795
1052
13041
149
6417
5229
30
1741
6091
8889
5679
69
14431
2240
2744
13823
109
12988
855
1683
1913
11420
21716
4897
2140
5946
2517
2350
4732
5276
4726
4506
792
1378
12149
228
2231
9314
13544
2710
962
1240
6114
751
1475
971
2038
6683
8116
1059
4490
3452
4978
726
738
1876
7267
205
3844
3301
540
1574
5377
4879
4670
2192
1980
16516
10737
2390
6641
2034
815
5215
15446
14381
1141
2554
10977
4525
307
10771
14030
518
9724
4996
5593
2721
3670
12424
1980
105
1324
688
16309
5421
36
2206
2382
4508
3056
5584
575
665
93
1044
720
14221
682
7413
2203
1256
8405
1906
826
1197
5323
6536
11070
5163
3710
505
600
18338
1981
5374
12951
7965
779
15176
4478
439
7760
8758
6432
2067
2299
558
2625
968
1489
2808
5866
3791
1092
16503
6712
2376
6130
2628
517
1045
6732
3346
15624
331
2931
3020
2564
7633
1968
4100
1488
798
408
4400
833
8486
1332
93
2946
3686
5074
5556
6977
971
3698
1236
8142
4161
6254
7559
315
6153
5834
1839
10550
1704
5285
4909
3145
5807
1551
2447
1728
4442
2434
11972
216
873
6386
1965
4946
404
18030
6210
1825
13928
4016
1792
2370
624
2415
1682
1040
11169
2208
25
2938
6118
1724
11789
4983
1405
18929
2418
711
1241
1877
7134
5377
12337
10292
6224
2308
2829
913
5665
2036
4993
12994
1230
1786
9585
491
1626
153
1148
1649
381
323
1056
9199
6633
2490
6524
3952
2846
1864
4619
4115
4034
1373
5765
3488
7283
4717
19274
4717
4206
1265
4413
6400
7212
14177
1565
1134
835
2477
3743
2101
1550
9339
541
1239
4159
4817
772
3920
4813
12633
5782
16411
12545
2940
1968
319
1775
1447
13281
5494
463
8255
3098
10791
8369
6021
1956
2510
9106
5535
9229
4076
4843
259
947
3878
2699
3640
729
1349
566
595
1358
3472
8745
398
4114
7665
2134
6035
5017
707
1754
1668
4998
431
6215
2469
5034
9157
3814
15987
8152
128
1534
1794
6747
914
6102
7050
153
7970
3563
4125
5475
2339
8707
13191
298
111
1173
1443
2343
2827
787
612
215
5525
7017
4209
170
5010
2710
9836
1839
2516
2706
220
2030
6377
3187
1536
5314
27933
134
7845
3133
3222
7574
4128
1574
656
17974
4117
3316
9529
18674
1856
6207
6383
564
5658
4570
1924
3061
9973
2194
110
283
1496
10102
11728
5823
3128
852
12046
8421
11352
3468
963
11051
1528
1529
6010
1208
11693
2197
725
5807
995
6454
1041
4556
5791
17398
5076
1844
1435
2567
1072
1567
2899
837
908
5301
3805
835
5454
2487
300
6817
1220
555
7731
2227
1566
6371
3622
3053
2966
18048
6717
108
2162
6166
3284
30
497
6647
8286
26636
1770
3777
2151
4149
3615
1838
4027
4011
670
7355
5397
2694
6282
151
6759
1405
16472
5357
3491
3354
4171
5766
2474
1484
1958
2874
987
2476
1567
982
7183
1561
4155
10558
7538
481
552
3894
2552
1081
12382
5285
3266
1425
9963
7840
3340
4668
6628
2731
11039
15601
8733
12860
1638
286
146
1710
967
12671
10198
6982
4927
1089
1775
2039
1814
1913
2487
14562
2596
18298
1628
1329
1491
374
8318
10314
8810
5845
9777
2749
5090
71
4930
6412
3317
3009
12392
6618
72
4032
17012
6906
3140
8146
2706
1699
11912
5724
3149
5280
9214
10223
286
3977
4991
15816
5597
3075
839
4856
262
12866
11438
1698
2424
2408
7941
7093
4408
11474
1125
7658
3116
819
3393
8545
3888
12732
3679
8749
2825
1595
31414
9179
3155
19339
4352
2727
2162
1336
830
1031
2080
1123
10512
4095
3252
12530
16901
293
426
6401
5191
5081
3282
4604
354
15940
4479
1823
7237
6147
648
4113
87
11582
4173
231
10584
489
15868
11053
2512
1127
4141
1364
1907
2304
2526
1349
3082
18472
6155
14780
3610
20296
2910
585
7330
8872
4846
3258
715
3867
3588
5355
2690
11048
2540
1693
1532
708
4339
7076
5894
1413
859
8158
451
2058
5105
9713
2860
6200
678
557
265
11675
6867
7818
1769
9108
11277
9607
1459
747
3903
8545
15901
2717
663
3406
4925
12597
718
2425
19
7609
579
8014
6802
4109
17691
4160
11249
7194
3934
9904
3460
19131
5461
3868
4045
332
1524
23796
5132
4458
5902
6141
78
7518
371
1320
2981
1755
2004
6572
6985
8625
4851
13985
3411
3841
1173
577
18009
702
8849
4987
6174
10469
6408
1497
6149
929
3187
1183
10667
10964
12754
2155
1228
5888
1239
5042
11886
8714
2029
86
6084
20894
997
10008
175
5900
3805
3766
4901
5160
2489
501
6455
1893
7455
988
652
2375
5717
354
10620
377
5978
2793
13600
6142
15301
396
2075
4849
2583
694
6793
1366
7508
5105
97
1618
4095
1770
2744
9633
481
3763
2801
8056
2564
1640
5489
2847
18481
555
951
1293
83
4174
6787
5367
7050
1949
5903
805
8509
10426
1385
5381
5691
3875
8403
2662
15355
151
9176
3097
7490
2311
3096
1176
1851
1773
1036
1084
13849
12877
19437
1898
10423
9391
6874
949
2953
671
663
386
1488
8870
55
375
11104
10679
1205
1676
1107
4804
7508
1213
2649
729
3987
3733
968
102
4612
9081
1415
5334
16468
5345
7869
2733
1427
317
9239
2340
256
5054
2198
472
179
725
906
21
3226
21013
17401
11192
3907
2773
170
676
1587
16616
8242
14545
4338
1781
218
811
39
1653
1274
4244
5129
2823
2696
2408
543
2112
408
4886
3216
10987
2954
1894
10092
2485
69
4259
1590
736
350
5782
9240
27258
17364
3869
2111
6126
1688
3164
569
2917
5501
698
832
105
10037
3407
9120
4110
8997
2118
5704
201
1245
2533
77
966
2849
6573
703
290
1650
7608
4215
2915
21103
9561
4444
2532
21268
5952
5607
7965
568
284
3851
2145
6033
3845
1688
8435
11731
1385
5477
18503
10037
624
1954
11694
2370
7377
8066
777
5106
5636
2222
2968
861
873
2968
1441
204
13395
1633
1819
5842
1302
6213
5763
739
6370
693
2058
4955
5218
2926
2432
12355
2127
4857
620
203
3593
310
1784
3636
6084
1891
2653
600
2763
13140
853
5981
7299
3177
2793
1295
5479
16070
2196
79
6313
3539
4919
7634
3701
421
2101
2969
2236
1192
1983
2536
8438
5381
4508
4240
10355
4201
1864
8518
12536
678
17298
408
1770
5968
6625
5789
11132
2558
3627
639
944
5689
3518
472
4815
1672
6200
1587
11406
419
996
25625
3579
452
2844
2249
3592
2232
235
6804
123
7078
6481
4620
1236
7492
3684
4386
14069
8312
262
459
7051
8240
3385
2495
18
4230
5167
8465
1506
9
1337
14271
1092
600
2785
6844
1722
4704
2833
578
2655
7244
5856
4628
10029
6456
1977
1736
4749
856
1153
10741
1416
765
9794
1173
1495
189
384
3857
20394
3389
231
2684
282
374
4517
1064
5499
7697
499
2161
8898
3428
3838
2327
3267
974
2687
2504
772
10924
3010
4063
9375
7406
10335
1957
5795
756
17427
6717
878
8130
3009
195
1383
2821
1882
9166
2959
816
9342
179
774
12135
9914
484
2245
911
552
2511
957
11446
6427
9063
3170
1892
14528
4829
1795
1069
11959
2318
850
7887
3785
9918
474
6637
2379
962
7443
1448
17382
1145
3599
72
9314
4973
5394
12149
3499
4601
222
2948
6027
8388
2139
5857
3967
1252
5201
4343
368
13505
16967
1307
383
9289
7640
824
8422
1248
8128
12081
9474
7208
4668
697
2435
12320
195
2092
11698
4645
3525
489
470
2532
1075
3294
503
6150
2210
2840
7940
529
1376
9006
1506
3196
398
11267
6700
5752
4205
228
5675
2712
2694
2223
930
3798
6562
4032
7612
5954
2094
2237
4824
2320
12816
4837
8311
521
15684
1063
6840
2228
113
1426
279
16730
2540
498
1053
5320
7015
3149
4748
3047
8214
3009
2146
573
25
6348
5434
4134
840
7367
7758
1910
10483
18027
412
822
8921
7579
905
5523
17166
4637
6456
509
354
2025
6257
13030
6895
5340
2480
3220
19546
9437
2204
10518
3702
800
1584
3237
6858
967
1172
423
1762
24180
895
13139
6216
190
1626
1005
8480
7819
1206
12245
2347
1024
510
2881
1409
14597
2667
1852
5490
4326
2184
2170
7085
8029
9969
7361
2536
2559
4642
501
3108
4299
6652
16049
10730
4787
6529
1725
5112
1800
1761
4834
2495
2389
3631
1739
8977
1889
4456
2997
2169
2787
1698
57
1047
111
68
7353
6686
3713
9183
395
14130
603
4708
4750
11369
2606
1419
898
769
4072
228
10631
7123
1873
4011
7
8175
7528
12345
3424
230
2993
6933
928
13906
1526
3627
189
20116
6288
4811
2628
3156
13163
2087
3332
12585
3654
979
12536
1794
703
8173
630
4545
4810
4541
6772
2136
1797
2821
4585
14528
8677
18961
3347
7256
20421
10125
3302
116
3251
2817
8997
1118
6982
11677
1129
8263
3625
7861
18030
2856
2402
2147
6404
10389
1951
11528
3601
4887
3711
2304
6935
660
2205
817
8333
11840
3773
565
5939
13222
1940
982
708
11671
4396
1595
6416
1742
292
1078
1920
4035
5171
1108
10863
3077
205
5680
16066
337
2281
5236
3372
305
279
5846
116
4577
4483
2757
1475
18258
2778
810
9918
5834
1900
5960
5244
3622
7050
281
2692
1030
4147
13
2808
2346
6453
4265
18099
9259
565
1182
2709
2203
8112
2466
616
27
12179
13238
6773
7473
711
15936
12802
2287
3872
1444
6737
8504
1325
9014
2112
14797
5998
4638
10752
5572
1211
5785
8656
4685
2521
3209
3477
504
43
940
9167
841
2327
11499
2827
9196
4213
2283
715
3416
3619
155
193
12793
8570
7278
7184
1198
2382
746
905
1824
4431
14781
330
3405
3327
6964
26365
16959
12204
333
7601
6476
4452
1015
1670
10351
9192
5894
14699
1993
3563
6556
5218
2608
3239
10965
1339
8238
4587
4028
12723
19171
1232
3223
476
3158
3485
10479
169
487
5430
2676
16839
2451
11319
1613
16916
4945
8286
1163
7188
12826
231
3183
3206
2620
1123
1445
9426
1961
1234
5044
209
3176
5524
3531
574
3069
190
2052
16755
6152
5454
32858
7434
5958
15450
1674
3545
2271
1351
196
4919
685
1798
1456
1501
2930
918
2010
1056
1493
361
1489
182
3579
4051
2332
8886
1660
13881
13040
3890
7709
2833
4458
39
9209
3271
2554
8518
751
8794
49
3999
6491
15748
5733
4765
1694
9494
279
3299
161
2154
699
4646
7974
2747
1927
6650
3275
390
1376
654
8197
6721
1809
2403
873
1108
697
4804
1543
13299
5457
4056
2984
4724
5398
1620
3900
3510
3694
6353
3317
7405
5872
1060
1600
2772
2357
2218
17003
4565
2947
3246
13345
3266
1339
6466
3166
207
9354
6355
2656
670
241
16737
7730
132
15112
1868
3437
2947
3585
3230
7307
18999
4980
7615
2586
7662
2209
4485
1626
56
135
2046
21061
42
2917
910
14587
6472
7793
7035
12373
1984
7347
1018
1316
727
1281
897
295
1406
3
1546
6146
4919
1954
1439
15617
210
2652
18480
692
5578
3167
1781
9143
563
4873
6197
3147
8563
1679
9649
1562
19538
4000
3931
8919
935
23355
5323
4209
34
3705
2683
1337
8182
2663
10262
1115
5005
6612
1369
1450
1686
26718
5552
2305
3101
5877
1100
5115
5317
781
600
7478
1990
8821
1457
486
7349
371
43
12964
6664
3437
364
7145
2499
524
6154
187
3320
144
5883
13184
5653
5179
2441
1136
8214
9794
459
220
1736
5250
354
2774
7071
2731
555
6472
14241
3730
76
11724
7441
1562
4352
7068
8931
635
10949
15981
2543
7157
3008
2066
1443
1112
2714
23
23680
1955
2328
3316
489
7549
2765
12054
1306
5411
18332
3333
1578
2317
5051
8157
6487
3834
3346
3279
6769
205
5661
604
1127
4824
15026
2760
2840
612
4545
362
738
8407
5137
8230
24655
7001
978
7004
5914
1446
716
14718
11947
6548
2119
367
8937
3006
14870
1005
5581
1272
5812
12066
1208
704
3403
1739
3616
5032
467
3348
3977
1843
4043
7769
1124
548
4837
951
4988
2911
6197
1515
3541
8561
3109
13572
965
2132
8132
2961
4063
1868
1522
1092
2547
14006
601
3990
2581
751
2634
1342
2799
3867
3681
2674
5510
2045
1830
1096
1184
235
795
6107
2715
9830
2221
13879
834
16679
12290
8551
9593
7364
4135
7920
6523
2850
2231
114
649
1665
3693
1655
3583
1708
1284
4845
10955
2484
5021
795
2113
6003
1830
757
8231
7924
6187
23238
14230
4132
281
13295
1290
6178
2078
6491
149
3941
126
3989
240
7904
4031
5249
7764
1934
1347
1837
1495
9964
319
2790
6957
107
1139
4268
216
2998
1200
10379
2487
2254
17973
23009
2899
913
1421
1978
116
184
3180
3191
6138
1923
6654
1676
1351
3741
23015
2371
4766
1717
3496
454
10972
495
2520
5345
2512
2857
3063
889
1262
1211
2080
5907
1025
806
2681
415
236
853
3607
1105
15082
1226
4906
2614
23799
9914
17537
3158
21509
1129
4314
3674
353
12281
12161
2489
1224
198
349
879
7587
4105
6453
2753
7297
1393
1067
3298
4813
4098
4347
3853
912
12196
12050
6090
1345
13290
11272
1226
1280
958
3650
10506
4770
1945
2451
11385
2034
414
3988
23015
3684
3734
70
4358
4669
2089
1586
2438
2829
4565
4210
1548
1740
2679
1807
1130
5662
5185
1916
622
4795
1127
5984
4574
2175
3008
6794
20
3521
2234
804
8978
4607
657
15267
11981
29651
2903
718
9222
299
13512
3315
6639
4901
5670
1812
6097
409
469
69
6010
388
6896
7847
622
5540
21860
1465
2595
1774
2026
10511
252
1418
905
1413
2041
2061
1195
1168
2145
864
8161
8556
10642
623
258
412
9351
2492
5343
10458
1942
1447
2689
4298
1853
5720
9096
11590
4954
4617
4151
132
5946
4110
1082
2118
11759
2479
5209
885
4616
351
1133
1844
369
959
17740
5557
1309
2832
10022
3942
5390
6618
12571
726
3706
1185
1083
2759
217
66
8196
36845
2641
30696
8273
436
4540
33490
1954
3615
1063
4987
3599
9951
2437
262
3323
5482
935
159
10468
19943
3639
1536
659
326
5526
13388
8010
6797
7
7356
1632
1483
4862
4020
578
2428
4717
1732
889
4580
2398
2758
11884
2670
2629
1962
8974
9285
4155
208
1700
8160
5555
2618
2062
2532
5499
16158
1866
7288
4592
4864
8866
762
8142
13621
4265
57
6985
18
356
13344
1419
10005
6177
4772
3995
13782
5379
5181
7759
526
4394
1221
240
1283
8403
1704
1771
1117
6241
5006
3630
705
3120
1953
423
1378
2798
381
3258
5475
1647
5064
2544
3073
628
1383
6889
373
2406
379
7712
791
3431
202
2005
4211
3044
2980
4062
7908
12381
1612
1635
1950
5895
255
1955
8971
7295
7005
653
10596
1664
3834
5385
2816
7408
2340
3944
8672
3598
3951
880
8425
1544
7062
2127
8390
6985
1102
3729
7236
1357
2927
2669
5841
8469
863
1431
6938
2497
1474
3499
20156
16679
980
1011
2615
2794
4313
12859
385
3311
851
7398
8611
10935
2423
2379
814
16620
5221
1476
7361
3691
1516
6851
6552
14730
1412
1398
9776
6625
7825
5760
5534
98
18605
174
3472
2442
10318
9830
4807
1202
1849
4314
5336
5580
1291
19165
10212
14239
121
1872
12812
4774
1850
5468
15754
180
21290
1322
2832
682
492
3776
2695
1258
1120
2545
3005
10222
7411
13084
15627
5989
4276
10646
538
730
3858
946
3177
1428
4199
3902
519
10095
3016
801
6471
277
719
3246
4181
1292
775
633
10764
3237
760
10325
7698
4497
5899
445
564
12085
9822
9021
4214
3503
5366
155
9943
8233
28077
1452
3597
1578
362
6623
288
8997
16462
20541
4110
1506
553
9209
9014
1799
4609
9634
18425
9075
908
2937
893
11992
3892
14940
172
1481
7001
3726
1836
5573
4228
3071
617
215
18655
7463
715
1774
12159
4367
3934
1450
7452
6927
4319
8866
2314
1488
582
1976
13205
11534
8138
1869
632
745
232
1789
4989
745
320
7774
8147
2672
1111
1367
2884
5892
6041
2560
5404
268
3735
24
1928
2610
3710
4515
4516
620
1082
6494
4073
301
6346
50
928
17546
2683
2485
2456
4905
718
4284
884
1687
601
15088
6897
7006
1299
1858
917
4102
1205
61
9244
5871
13841
9326
3435
367
6336
447
4058
1683
16275
5259
1715
2107
4473
2538
348
1097
2502
1291
196
202
2982
8792
3416
4484
10028
4462
875
1542
830
6175
8616
503
2018
10465
6748
1624
24822
908
2931
8006
9029
4859
241
14112
1313
4678
983
5475
4958
4336
245
8509
1022
3254
2126
10886
2360
1981
12583
2639
449
1741
5977
6
1380
85
7386
2456
886
5078
4910
1557
570
26209
10958
5787
2326
126
604
1476
1861
1575
916
7315
4519
4272
3439
320
495
3191
601
16619
4714
7208
6507
731
16620
5260
623
3865
324
8963
7577
3270
4769
7782
2482
544
2662
1750
2512
10667
100
5773
532
2402
6860
3668
8680
1862
3221
5577
1363
13010
12255
9021
2754
6771
5009
1672
1696
1308
3750
223
657
614
9534
4829
7604
4830
171
5780
521
359
1032
2375
6998
3881
685
5593
1961
3069
8410
10807
4735
447
16199
3383
1110
14285
1960
336
3244
6946
336
14225
1134
11396
422
10225
15582
4780
3230
90
11459
3147
6037
236
98
7481
14540
3590
1437
1767
5954
5145
7476
1018
902
2280
12743
4684
1773
5720
2404
11662
4007
2728
12788
119
1245
5922
952
5640
1918
8627
9806
543
6187
495
3620
20944
7158
4340
19034
14787
126
3570
6351
324
13660
3768
1976
152
456
3436
4408
559
5021
6473
5435
2817
2173
2621
4512
4281
25139
416
2450
334
4603
6610
3472
21382
840
720
20051
2418
6573
574
3097
6814
21565
27378
4597
1920
1368
568
22609
3280
2128
5439
1502
88
2006
168
3782
2836
5590
2432
951
7848
168
1235
53
6429
7058
5238
2420
6041
9841
6605
6838
3651
5735
17418
4454
9875
3787
6
637
7668
12212
5035
9098
191
11757
9712
2721
2572
3705
5797
7481
1798
1140
698
3733
998
838
313
5471
1662
9528
77
6077
1832
160
7595
4562
3602
3539
1984
896
386
268
8666
5568
2937
2302
369
2702
2337
3595
3439
10722
7864
16978
258
712
1725
2336
705
3637
2159
2405
3515
4729
10119
585
2998
12600
1347
1607
1441
5914
15779
8050
6213
5971
2765
2162
16813
6309
8964
9698
943
15739
7390
22745
8519
8209
860
624
8029
24312
1157
1272
716
411
4035
833
2205
662
621
612
445
5848
10493
3236
5075
1055
1963
856
4437
1121
3787
1642
8992
971
9928
1866
6098
1819
76
1805
956
2694
6022
7491
26
2256
1400
7892
7288
7875
5718
2662
46
639
1374
5828
124
1031
1543
2099
426
1578
2793
1613
2070
12524
2541
14727
1460
9678
7348
4571
817
4239
1820
165
13249
2876
1935
3586
6297
25206
3672
572
727
6847
6678
7741
6904
3314
961
35326
575
14225
173
7906
1399
1384
11069
520
2876
921
382
132
69
51
1512
4197
4085
4669
7378
4879
199
7601
11596
6262
148
5822
3560
2549
1975
1443
1320
1384
427
3356
1030
196
2767
1173
1645
3582
1052
2014
1507
7599
2677
1664
2309
14973
2104
2351
901
3676
1796
2384
14295
295
3105
3985
7094
5515
18217
19904
13674
7
5359
2737
725
3003
1324
11443
1461
8748
1456
6471
1265
7807
9027
2157
8759
4391
2811
5936
659
3233
3215
8604
8260
3796
2618
2781
1650
3778
2885
10800
10458
1901
5446
2430
1920
1614
1200
5567
3056
1786
6376
6227
1355
1170
106
9498
259
18797
1113
3361
1325
1002
5151
4007
5429
11914
6151
8555
9240
25553
3658
1579
9464
734
2543
2136
6843
15
6337
2657
2452
18725
4717
2291
2940
8295
934
45
11975
33
4686
427
6353
380
2305
1190
7446
1934
2629
96
1328
306
678
7353
6556
9651
1449
7936
446
1626
589
1738
2626
13055
281
8521
1384
2659
3115
7617
22277
6147
351
2727
652
6545
17339
2286
3276
2337
790
10544
745
16485
853
2583
19391
1220
11707
2695
7285
2248
2192
2111
15734
160
8195
2775
6958
596
3423
11795
4259
5640
3824
2495
2382
8661
2009
7183
20355
390
11981
1555
9325
921
259
1837
3860
9891
1279
375
409
6979
957
219
2510
2736
113
3791
4716
1454
524
15944
9484
9477
3435
1298
2126
27952
4470
119
3075
382
1686
9597
2040
7389
4164
3269
1192
1045
401
2878
1382
15319
6100
12711
7527
4464
8302
6558
11164
2054
5212
3844
1879
7639
738
2699
1411
6195
1510
5251
614
458
15000
8631
516
1203
1562
836
4366
5593
1881
3639
715
4522
691
5345
48
1868
9815
15499
8473
2549
285
3455
5587
336
5397
1248
221
3649
6020
233
83
9256
1829
403
640
2121
186
7518
101
9503
3850
20116
145
723
4748
11802
3347
10470
1895
2358
1114
13484
1594
1977
6001
3813
5500
3107
3542
3918
1557
705
3174
5679
293
3791
3646
508
834
4675
23579
4868
3345
604
2828
8873
1683
2590
5995
3592
495
14118
8939
5021
3742
4282
2374
4687
2961
253
10363
12052
4873
999
1343
2359
3976
14228
10200
381
3832
4559
2029
1412
632
2417
794
1248
7864
427
6768
2043
2192
1830
2645
20301
19854
1013
5975
5592
1223
787
12980
1654
3916
11364
9003
6265
3360
1792
433
1203
4679
1475
4788
2926
4724
4678
5725
10076
1162
3998
258
1400
1598
7121
446
2202
1327
307
3370
9735
1078
3550
4504
21534
6620
7492
364
779
8344
457
1714
721
2566
1368
4269
2367
573
11236
14276
19949
4939
6334
301
5480
3254
143
1521
6740
5933
1528
919
7852
2725
2187
10617
6411
14571
4949
2163
1801
2103
922
8479
3071
15026
12146
1734
169
102
6348
4182
2232
656
201
31867
124
4582
162
890
2565
684
13465
4200
15873
5513
1602
13031
12599
639
7237
155
3840
7228
463
8729
7733
1080
639
5197
888
13773
4488
665
5422
3803
5077
1328
669
2961
3514
1560
112
5046
3267
2372
248
85
7811
6360
4083
16507
11718
578
8257
2831
5907
707
8560
246
2930
1596
424
5551
281
1823
3689
1141
1518
1452
6163
2264
6264
3373
26
3296
542
5128
2450
3297
2711
1426
1432
3239
2252
5423
2316
3622
11380
7511
2760
3391
125
402
1468
2778
7
2834
302
1864
1470
16259
4817
2471
180
2015
9077
7486
3525
7112
1421
533
15842
14544
1305
807
3492
8776
8063
17791
1455
12265
2298
4952
6629
4594
1855
1317
5898
4898
12965
18530
2554
1888
4478
8548
5863
1928
17447
2465
2301
2788
3752
2499
1094
11415
22488
1354
1146
1164
978
11346
5306
11136
3562
329
1291
7814
8
1390
5838
13424
631
14803
3188
1723
637
2755
544
646
1638
2871
415
1634
10139
2087
712
1675
1510
5369
807
4270
638
18970
3253
920
5401
7077
1603
12409
2228
2032
3322
5352
11258
4931
13717
9131
1034
2897
483
2472
5057
4338
686
1631
1804
3056
5032
4217
1264
2367
355
1893
7230
1610
3384
15669
9358
364
328
1420
1795
19055
14565
5355
2535
895
14732
6283
4662
6074
28409
25448
12470
1618
1271
1550
2996
3162
700
4457
5946
550
6069
3538
3380
201
4699
408
172
13675
5618
3809
6049
18024
9667
92
7806
2960
1295
11437
6304
8264
1049
287
4091
13458
286
8635
742
933
1162
5216
20
2851
3193
9571
1696
1259
266
2470
378
82
6909
4847
3697
2940
278
240
1979
14224
1327
4123
15702
343
5663
3182
3418
249
2598
374
5845
3514
5499
7504
9670
27251
451
4173
3028
15585
2835
8055
7527
1822
5790
12784
22
4393
1495
340
2732
6157
3539
4840
2201
2645
2549
3162
12214
13741
733
3643
3129
6292
499
8471
5600
4144
5209
1790
3561
4977
242
225
79
13
7926
3371
6511
807
2729
17451
932
6779
1290
7331
483
2563
6085
7832
6378
1946
9326
24157
198
4898
10031
10485
2411
2242
5079
2027
8465
2654
2246
3164
2052
5998
1538
4645
189
21053
11638
6276
7356
8830
5306
6330
7945
10212
2534
1346
4117
7056
10797
1723
4519
726
3758
3200
5856
1222
4045
3166
4843
6949
17
10893
5111
2177
118
10715
5957
8031
619
3010
5459
3090
6102
6424
13163
1470
2207
1823
2186
7045
456
6459
1959
1835
8399
6553
58
6456
7442
616
2972
492
1279
984
692
1795
1093
6294
1160
1492
13458
9404
2485
5660
3352
702
4250
3665
2227
15015
8299
3415
1550
910
3849
628
31817
10623
3194
7309
7789
20
17306
828
2191
6550
1424
1234
1568
2580
5492
3139
434
685
3088
9390
1381
3189
11943
9410
13231
6746
7878
1656
1677
17469
1442
2992
5315
10807
462
4
2085
3469
6737
968
423
6702
1778
68
5973
3265
1475
6694
3324
10305
2533
11537
439
634
5548
3437
4685
10671
2277
5297
2859
4552
11493
4829
5068
1218
1309
1745
2498
2749
1845
2053
11070
370
2427
5774
1000
16596
1259
8813
206
1702
1639
182
1457
6513
2041
3462
1943
5392
1548
3855
15797
8507
8109
8143
14071
624
5004
4144
2926
1680
3158
7352
1545
9983
2178
1521
2836
1278
33
732
3410
2398
1729
964
6008
3987
2209
512
14068
6932
1909
231
4442
3609
1125
1603
5106
14047
472
4066
2036
854
2945
10279
28509
2767
2585
214
90
2460
611
1264
2469
745
2540
1642
3615
1137
1248
1970
11379
1655
773
4301
1201
8260
17717
11871
3296
2014
358
8816
4250
9042
7821
6251
4250
4827
7274
3216
1589
815
59
1465
4056
2190
1091
7908
6120
17302
3003
145
1745
209
1122
3002
2431
1568
4597
6439
8836
9800
2908
14578
7336
6921
5380
15924
8858
4593
6957
3972
8156
5526
5632
2962
848
761
7139
15544
2894
3468
1371
3327
251
1854
9135
2147
7669
5234
7746
21147
843
4733
7735
21995
11097
8556
10966
1709
10613
2205
3853
1800
5776
5663
2784
11812
11060
2558
581
9895
9127
16674
118
2226
5623
11704
7010
847
627
2504
2293
535
1774
8834
5949
6693
415
11397
5753
5739
11425
228
2148
12492
7545
5179
9635
10046
11877
3112
4366
1473
430
5325
2047
24090
1324
2641
481
1408
3824
10565
9687
5529
16834
771
2711
3571
20333
10448
5390
5697
18551
8133
2405
9071
9407
8237
3815
3334
442
255
7282
5857
1591
1561
4821
6933
2282
216
16720
29090
6015
10800
526
1954
3241
2712
765
4082
470
1205
4122
279
7938
9338
15666
8622
3171
8594
7180
5601
2878
11677
16327
710
5303
1209
619
2359
535
4292
10964
1652
541
4245
1816
1995
334
840
7215
3900
7031
2183
2985
9899
2454
7264
895
3885
4583
1864
8451
1291
2304
10880
14434
1223
1589
3100
1708
1414
123
2524
695
9979
5714
3529
9858
13745
16455
19982
3316
14527
211
8864
18455
1826
2410
9420
428
9366
2379
791
13294
22842
2315
4096
5878
7630
4675
9710
9743
7936
11017
4486
1643
270
6131
3324
10206
977
3147
2001
4109
5715
3179
1293
2068
25308
6198
5872
3766
8714
174
8270
1460
478
1438
925
10470
16334
566
736
11626
8325
13125
12545
11303
2951
9682
1661
3870
3640
1604
1256
1004
4901
4703
1445
14770
12746
1812
2143
11742
6866
5299
6005
5891
9241
2519
3341
19951
2009
6104
412
5781
225
10721
3436
8244
16223
444
3775
15388
3374
972
6926
12974
219
13530
2854
2826
1042
3064
2736
726
2073
28555
755
836
4249
764
852
8159
5922
730
1091
2455
4347
5205
5602
6475
651
360
584
3004
3660
5215
2019
1487
8903
41
1038
695
7155
1318
17470
1561
2166
1002
13679
240
2354
75
339
175
1399
407
2239
2509
13011
4362
3929
2165
6692
9162
13320
2742
4988
4840
3852
10089
703
4232
478
613
2365
16263
299
3302
191
3875
1347
1032
1850
7720
2759
1476
19886
2102
1201
8365
16604
585
1715
471
8314
571
3681
7066
8492
1597
7657
2466
3008
2241
866
5218
4404
36047
5772
8276
603
2175
4690
105
13205
5
2731
3274
2558
5168
7979
1202
9556
1907
14650
2769
963
1451
4554
13481
15477
938
1882
2818
20075
2358
1331
1254
2964
1753
8071
863
196
20600
3855
5118
4850
8387
14611
8182
12256
366
543
5859
19558
7
1383
465
5466
1770
201
8623
3491
1879
5683
774
6957
3371
707
8332
673
904
2966
2880
9923
652
5060
3609
7447
3321
3170
2427
2511
12790
2055
567
3558
403
769
12240
2373
926
11562
4794
12352
992
2702
9299
10768
1999
89
5363
7302
1366
1977
9935
7536
647
2793
2932
1162
4895
10455
3768
216
6900
4110
1255
217
314
15422
20007
1481
1119
19441
4567
9709
2844
27450
2757
1839
5736
12168
1071
16719
7933
5294
598
19050
6723
1513
7454
14197
445
1621
1343
4619
523
8900
648
5356
2450
2410
1618
11382
4998
2582
4328
2593
1446
5932
1968
3195
11975
1407
20122
465
2281
3333
3503
224
1447
6013
1605
955
2627
7877
1985
3245
2435
1088
5449
6891
4967
10354
6456
2892
1110
426
1164
6386
5523
4824
14669
1468
4261
3177
12495
180
669
1543
2066
1849
7135
7760
2652
955
2495
3141
12894
8616
946
6998
397
2780
11539
2327
727
717
7430
3058
1717
599
7615
12070
3767
7950
2289
3655
201
5625
4002
476
25948
2896
6170
6459
4242
5349
2445
685
2106
8497
616
1115
16776
1369
1858
1302
374
11661
821
4686
18013
7350
1722
3473
146
10491
1885
5150
5399
4075
11129
3110
239
1243
1079
151
4151
3163
13797
897
3896
304
7510
1047
5235
7244
926
2522
2508
3346
2847
59
1506
17775
10256
3385
10600
20374
10558
2768
3296
2219
5857
78
1235
2601
13181
19463
262
156
2452
614
5626
5262
5218
1306
1409
1512
8264
5599
9254
8839
2108
15165
11137
4014
1705
6525
8731
155
25330
2858
175
5027
11132
4677
6452
365
3435
6869
4903
760
3396
2352
9068
838
3759
797
10908
8884
7141
3827
641
3738
9028
3525
6289
4557
4200
6437
175
2721
516
6265
15489
2082
18599
1554
1011
201
1234
5442
3294
2466
9033
6423
2762
2431
11097
1290
5838
15666
643
3015
1664
1510
5756
2102
2447
12155
3274
3825
13593
3077
1040
13097
4709
1165
80
14767
5179
1233
2141
5625
1831
2302
4007
6195
7843
132
1791
8876
11513
4494
3076
2306
3918
6960
989
6525
9669
3331
4195
19
3363
2308
2041
1904
720
12162
6241
6176
3669
2536
368
7227
7423
8549
2623
2310
642
2748
5317
3309
892
437
135
3089
1181
7896
28518
7590
10261
2016
2008
2339
1516
7154
732
141
1750
2186
4321
2418
2635
19358
10836
2432
9111
2757
8716
9621
7021
1546
1421
7662
5453
1945
2206
17195
3065
6726
1791
9955
832
13063
4050
2260
5658
3721
3695
1424
134
4055
2467
742
6737
3824
1462
342
8028
5686
2030
8894
269
146
5765
2155
503
2952
747
4071
3414
10174
1859
8466
161
6022
909
5489
1077
1707
139
3043
4619
1143
1181
482
5915
5268
1090
3216
6924
415
5368
2116
5655
2630
3732
1345
615
5959
1311
961
9819
4920
6140
8928
3613
1011
5364
3574
1945
2253
11840
3157
7579
12231
12055
2398
662
3228
957
2784
1472
6560
367
1912
3076
353
8268
2016
5895
922
10132
1845
1670
3906
4514
1606
2853
2222
464
12264
15964
3196
917
4972
3358
1266
198
12806
252
4273
43
1798
2776
1161
3693
373
2880
2204
4058
2065
1879
3221
91
1965
3542
9270
5714
10557
6388
3606
22722
8961
16997
5973
2
522
4942
215
5927
18361
1739
14560
1770
3177
9340
5720
474
3751
3758
4350
13131
2813
2927
2722
3203
1776
16916
530
5495
1005
5930
5339
11109
5724
184
556
12030
3431
592
99
1867
18907
1845
6964
1101
10727
17750
1785
2285
5389
5087
12503
1870
4756
4264
2820
813
1650
3958
5589
8313
